((("each_with_object" .
   [0 0 0 0 0 0 0 0 0 0 0 0 1 0 0 0])
  ("reverse" .
   [1 0 0 0 0 0 0])
  ("uniq" .
   [2 0 0 0])
  ("sort" .
   [2 0 0 0])
  ("index" .
   [2 0 0 0 0])
  ("keys" .
   [5 0 0 0])
  ("AB" .
   [6 0])
  ("inject" .
   [1 0 0 0 0 0])
  ("split" .
   [0 0 1 1 0])
  ("ABY" .
   [4 0 0])
  ("transpose" .
   [0 0 0 0 0 0 1 0 0])
  ("ans" .
   [10 0 0])
  ("unite" .
   [3 0 0 0 0])
  ("ary" .
   [5 0 0])
  ("root" .
   [9 0 0 0])
  ("Set" .
   [1 0 0])
  ("size" .
   [9 0 0 0])
  ("dfs" .
   [2 0 0])
  ("puts" .
   [0 0 1 0])
  ("bfs" .
   [2 0 0])
  ("new" .
   [10 0 0])
  ("Roads" .
   [1 0 0 0 0])
  ("stack" .
   [2 0 0 0 0])
  ("queue" .
   [2 0 0 1 0])
  ("visited" .
   [7 0 0 0 0 0 0])
  ("each" .
   [9 0 0 0])
  ("Hash" .
   [7 0 0 0])
  ("map" .
   [9 0 2])
  ("times" .
   [3 0 0 0 0])
  (":to_i" .
   [5 0 0 3 0])))
